,ram_gb,storage_gb,battery_mah,camera_mp,screen_inch,cpu_cores,price_million_vnd
ram_gb,1.0,0.01475083543653978,-0.010376487317899896,-0.03593082748190985,-0.051159870189864905,-0.008086575502534058,0.20466399312756955
storage_gb,0.01475083543653978,1.0,-0.04063995127808768,0.01494236955060509,-0.048783512574862964,-0.031938680094960745,0.09228360761988767
battery_mah,-0.010376487317899896,-0.04063995127808768,1.0,0.07765840760768745,0.02445535773611835,-0.03231315487042684,0.02343609546762068
camera_mp,-0.03593082748190985,0.01494236955060509,0.07765840760768745,1.0,-0.04104376077950236,-0.03470100736139893,0.12358026016022132
screen_inch,-0.051159870189864905,-0.048783512574862964,0.02445535773611835,-0.04104376077950236,1.0,-0.019552035197325502,-0.0011457122212669081
cpu_cores,-0.008086575502534058,-0.031938680094960745,-0.03231315487042684,-0.03470100736139893,-0.019552035197325502,1.0,0.0926470846774153
price_million_vnd,0.20466399312756955,0.09228360761988767,0.02343609546762068,0.12358026016022132,-0.0011457122212669081,0.0926470846774153,1.0
